g++ -g main.cpp --std=c++11 -o sal -O2 -larmadillo
./sal
Data: 9 vertices, 6  caras.

0 1 0 
0 0 0 
0 2 0 
1 1 0 
-1 1 0 
2 2 0 
-1 2 0 
-1 0 0 
1 0 0 
 
1 2 3
1 2 4
5 3 2
2 6 4
7 1 4
8 1 3

Mostrar Pesos: 
1, 2 -> 6.12323e-17
1, 3 -> 0.5
1, 4 -> 0.5
2, 3 -> 1
2, 4 -> 0.5

Mostrar Matriz OLB
[matrix size: 9x9; n_nonzero: 35; density: 43.21%]

     (0, 0)      2
     (1, 1)      3
     (2, 1)      -1
     (3, 1)      -1
     (4, 1)      -1
     (7, 1)      -1
     (8, 1)      -1
     (1, 2)      6.12323e-17
     (2, 2)      3.5
     (3, 2)      -1
     (4, 2)      -1
     (5, 2)      -1
     (6, 2)      -1
     (1, 3)      0.5
     (2, 3)      1
     (3, 3)      6
     (5, 3)      -1
     (8, 3)      -1
     (1, 4)      0.5
     (2, 4)      0.5
     (4, 4)      6
     (6, 4)      -1
     (7, 4)      -1
     (2, 5)      -1
     (3, 5)      -1
     (5, 5)      4
     (2, 6)      -1
     (4, 6)      -1
     (6, 6)      4
     (1, 7)      -1
     (4, 7)      -1
     (7, 7)      4
     (1, 8)      -1
     (3, 8)      -1
     (8, 8)      4

